625.114
626.235
627.497
627.323
625.145
626.469
624.255
627.804
626.8
624.974
626.307
626.058
625.715
627.791
626.528
624.242
625.018
623.948
624.374
625.107
624.707
624.271
624.433
624.588
624.456
624.128
624.055
624.761
624.235
624.938
624.384
624.941
624.338
624.126
624.386
624.505
624.296
625.058
624.778
624.77
624.496
625.188
624.855
623.165
624.263
624.808
624.873
625.07
622.95
624.773
624.84
625.455
624.947
624.486
625.007
624.346
625.036
624.924
625.775
623.322
625.02
624.629
624.35
625.268
-1
624.787
624.856
625.785
626.144
626.871
623.704
624.047
624.452
624.875
625.883
624.222
624.94
625.024
624.343
626.419
625.469
623.938
624.609
624.924
623.919
625.401
623.482
624.777
625.472
626.203
625.345
625.689
623.797
624.722
625.062
625.65
625.499
625.627
624.75
624.956
624.893
624.953
626.021
624.844
624.61
624.784
625.488
625.9
625.503
625.167
624.252
625.757
625.132
626.167
622.768
625.477
624.858
625.081
624.991
623.578
624.217
624.865
624.474
625.62
625.297
624.481
624.921
625.314
625.01
-1
623.064
625.147
624.068
625.483
625.695
627.335
624.283
624.748
624.169
625.565
625.068
624.167
624.56
624.691
624.939
624.583
625.411
625.041
624.726
624.231
624.486
625.699
623.566
624.754
624.975
625.463
625.75
627.067
624.98
624.672
624.976
625.17
626.061
624.168
624.626
