625.459
626.719
624.896
624.531
624.802
625.912
625.382
625.687
625.172
625.539
625.681
624.1
624.658
625.019
624.979
624.955
625.084
625.27
625.12
624.818
623.708
624.273
624.465
624.68
624.685
624.82
624.655
626.841
625.573
625.03
625.01
625.213
624.978
626.016
624.219
624.654
627.212
625.577
626.165
626
626.113
632.758
626.194
624.086
627.339
624.77
626.178
626.104
626.963
624.599
626.685
626.081
625.684
626.47
627.905
626.679
624.924
626.847
624.703
624.78
624.984
625.207
624.211
624.536
624.148
624.365
627.949
624.303
623.986
624.435
624.516
624.27
624.942
624.38
624.369
