-1
626.146
627.953
627.509
627.734
628.043
627.448
627.519
627.797
627.448
628.973
628.297
628.233
627.471
627.546
628
627.43
628.514
628.295
627.821
628.49
628.162
627.647
627.397
628.039
626.888
627.835
626.999
627.957
627.794
628.157
627.752
628.083
626.892
627.862
628.268
627.764
626.795
626.808
627.957
627.893
626.821
627.48
629.146
627.838
627.733
627.89
628.056
629.244
628.7
627.116
627.256
627.561
628.307
627.713
627.99
628.112
627.534
628.035
628.477
626.116
628.34
626.771
627.77
627.08
-1
627.57
627.914
627.841
626.807
627.405
628.377
627.358
628.151
628.036
628.295
627.474
627.927
628.508
629.151
628.52
628.579
627.32
627.743
627.131
627.344
627.998
627.779
628.495
627.561
627.37
627.993
627.246
629.354
628.033
628.121
627.653
628.442
627.496
628.094
628.768
626.64
627.859
627.623
629.49
627.46
627.676
627.255
628.077
628.869
628.923
626.09
627.201
626.813
627.598
627.823
627.881
626.825
627.626
628.385
628.369
627.583
628.791
627.813
627.9
627.204
627.525
628.294
626.423
628.214
-1
627.789
628.182
628.433
627.435
627.478
627.64
628.957
627.559
627.072
628.612
628.343
627.721
627.717
627.64
627.495
627.415
627.46
628.77
627.766
627.493
628.734
628.613
629.3
626.644
627.135
627.348
627.454
627.991
628.118
627.348
628.141
630.198
628.784
627.905
627.392
627.187
628.011
627.361
627.461
627.284
627.946
627.472
628.484
628.432
626.652
627.647
627.468
627.633
628.052
627.94
627.837
627.318
628.751
627.272
628.5
627.618
628.154
628.272
627.885
627.953
628.094
627.245
626.625
628.988
-1
628.374
627.142
627.478
627.891
627.908
628.054
628.275
628.299
628.343
628.413
628.279
628.042
628.579
627.986
628.254
627.868
627.422
628.581
627.597
628.078
628.461
628.996
627.892
628.231
627.807
627.658
628.11
628.577
628.115
628.037
627.751
628.954
628.786
