-1
624.865
631.834
629.098
626.871
628.893
629.447
628.052
628.761
630.824
629.695
631.799
630.175
628.953
630.02
628.807
631.316
628.917
629.222
630.342
629.824
630.504
628.689
627.156
629.128
628.495
628.973
628.588
630.717
632.821
628.202
628.394
628.629
629.099
628.848
630.078
628.814
628.593
628.813
628.183
628.262
628.86
629.149
628.522
628.244
636.813
629.084
628.24
628.649
628.491
628.567
629.041
628.541
630.251
628.832
628.742
628.683
629.211
630.595
628.477
628.729
628.549
628.236
628.53
628.569
-1
628.124
628.942
629.82
632.786
628.873
641.69
629.848
628.343
629.166
628.141
631.282
630.239
629.784
630.447
630.498
630.17
629.693
628.622
639.7
629.666
629.653
630.068
630.317
628.151
629.46
628.202
626.214
628.546
627.327
626.926
627.662
627.758
626.657
627.362
628.18
627.698
626.776
627.886
627.165
627.019
627.484
627.594
626.602
627.516
627.558
627.099
627.58
627.11
627.668
627.815
626.958
627.075
627.001
627.503
627.157
627.705
627.26
626.919
627.959
628.835
627.195
627.044
627.859
628.472
-1
627.143
626.794
626.966
626.969
627.985
626.974
628.376
627.213
627.326
627.556
627.889
627.226
626.467
628.073
628.259
627.041
626.978
627.195
626.338
627.761
627.94
627.038
627.645
628.206
626.031
627.702
628.304
626.95
627.306
628.084
627.002
628.16
626.957
627.303
628.181
627.838
627.906
628.063
626.416
627.046
627.482
627.192
627.652
626.755
628.773
625.243
627.114
627.514
628.54
627.359
627.597
626.65
628.234
627.843
628.76
627.206
627.446
626.976
627.306
646.772
642.448
630.936
628.79
627.625
-1
627.518
627.646
628.238
627.924
628.386
627.674
627.683
628.156
627.438
626.82
627.588
627.657
627.292
627.21
628.286
