627.214
624.881
625.368
624.138
626.606
624.725
624.441
624.6
625.795
625.363
625.819
624.443
624.636
625.28
625.489
624.285
625.07
625.139
626.634
624.545
624.777
625.82
625.173
625.22
624.879
624.71
624.031
623.184
624.859
624.659
625.888
624.806
625.378
624.504
625.237
625.4
625.062
623.596
623.792
624.58
625.264
624.259
626.109
625.237
625.45
624.763
625.097
625.133
624.463
624.748
624.605
624.711
625.706
623.401
625.205
625.124
625.044
625.057
625.56
624.382
624.715
625.061
623.964
626.251
-1
624.352
625.239
625.917
625.249
626.953
623.615
624.422
624.687
625.438
623.961
624.212
624.899
624.63
624.738
625.124
623.253
625.654
624.671
625.08
625.391
626.008
625.016
624.355
625.237
624.893
625.457
625.818
623.459
625.105
624.572
625.113
626.492
626.909
624.77
625.318
624.227
624.511
625.416
623.886
624.742
625.191
625.426
625.28
626.206
623.107
624.831
624.695
625.555
624.744
623.003
624.993
624.768
625.218
624.826
624.038
625.394
624.603
624.897
625.618
627.357
623.165
624.504
624.766
625.732
-1
625.89
625.554
625.151
625.649
623.543
625.279
625.034
624.836
625.142
624.547
624.51
626.242
623.389
625.022
625.197
626.236
625.135
625.179
624.971
624.247
624.885
625.533
625.751
627.227
623.643
624.377
624.512
624.932
