-1
625.992
649.256
639.771
641.57
639.608
639.192
637.923
640.273
641.061
648.553
641.509
638.853
640.727
641.712
640.342
640.657
637.449
639.806
638.47
638.511
637.734
638.131
637.582
640.054
638.003
638.735
638.102
638.627
638.902
636.976
638.245
637.446
637.621
637.762
638.707
638.358
638.028
638.074
638.309
637.914
638.895
638.17
640.249
639.333
637.769
637.695
637.711
639.105
637.707
638.217
637.42
638.241
638.081
640.8
637.201
638.625
638.453
638.665
637.861
638.889
638.202
638.185
638.005
638.212
-1
638.484
637.215
637.957
638.445
637.792
637.995
638.178
637.644
638.802
638.669
638.247
638.264
638.06
639.005
638.444
638.007
638.472
637.897
638.363
637.987
638.483
638.532
638.063
637.464
637.643
638.634
638.791
638.322
638.076
637.741
638.791
637.503
637.62
638.865
638.634
638.352
637.753
638.797
638.339
639.811
638.697
638.399
638.394
638.025
638.864
638.176
638.199
637.919
638.591
638.734
638.097
638.129
667.349
653.421
642.985
638.616
639.124
638.674
638.697
639.036
639.685
640.454
638.331
638.575
-1
638.479
638.588
638.693
638.611
639.522
638.044
637.577
638.636
637.803
637.797
638.367
637.335
639.464
638.339
638.237
638.718
637.635
638.224
637.696
638.021
637.92
637.871
637.578
637.595
638.764
