-1
624.898
638.233
638.452
638.122
637.948
641.182
637.71
638.558
638.078
641.05
637.835
637.832
639.365
637.933
639.549
639.329
638.353
639.341
639.394
637.951
639.809
637.831
638.043
638.093
637.688
638.02
637.379
638.956
637.82
639.977
637.53
637.863
638.01
637.146
637.469
638.159
636.925
637.24
638.289
640.267
637.696
638.295
638.432
637.425
638.398
637.658
640.148
637.722
638.536
638.016
638.627
639.099
638.796
638.294
637.482
637.665
638.687
637.657
639.706
637.818
638.267
637.9
637.268
637.306
-1
639.411
638.308
638.287
637.312
637.838
637.087
638.995
637.845
638.629
637.53
637.977
637.759
638.082
638.111
637.586
638.829
638.391
637.954
637.95
638.138
637.879
638.454
637.101
636.96
637.854
639.605
638.575
638.182
637.689
638.026
637.892
637.591
638.88
638.165
638.228
638.175
638.146
638.582
638.983
637.918
637.415
637.012
637.685
638.325
638.623
638.004
637.787
636.932
637.617
638.598
637.741
638.408
638.401
637.756
637.919
637.404
638.154
637.822
637.171
637.951
637.508
637.352
638.317
640.222
-1
638.129
638.447
637.1
639.823
636.927
637.638
637.11
637.154
637.589
637.524
638.071
638.036
638.019
638.786
637.595
637.307
637.621
636.972
638.577
638.378
637.684
638.311
638.503
637.224
638.704
638.326
637.304
639.8
637.844
638.011
638.176
637.795
637.659
638.181
637.659
639.067
637.886
640.264
638.515
638.084
637.691
639.64
638.488
638.018
637.776
638.272
637.695
638.116
637.08
638.009
640.016
637.583
638.133
638.648
638.493
637.835
637.599
637.401
637.634
637.521
639.586
638.163
637.821
638.122
-1
638.262
637.916
637.518
