-1
625.63
627.763
628.346
627.6
628.118
627.275
627.414
626.757
628.131
628.835
628.36
630.014
627.369
627.547
627.637
628.195
629.515
627.963
628.171
628.158
627.619
626.754
629.857
627.794
627.127
627.635
627.244
627.744
627.8
628.331
628.015
627.208
627.116
627.363
628.304
628.907
627.713
627.952
628.047
627.886
627.302
628.454
627.956
628.397
628.834
628.773
628.725
627.814
628.489
627.805
629.268
627.664
627.607
628.205
627.56
628.378
628.023
628.25
628.272
627.07
627.165
628.055
627.84
629.061
-1
627.892
627.206
628.438
629.122
626.74
627.347
626.881
628.139
628.645
627.869
627.564
627.818
628.498
628.296
628.326
627.763
629.607
628.11
627.899
628.367
627.534
628.271
627.831
627.531
628.552
628.558
628.017
627.807
628.339
628.219
627.353
628.068
627.585
627.842
628.116
628.564
628.314
628.801
628.535
627.255
627.618
627.928
627.332
627.777
627.488
628.151
628.38
627.275
626.84
627.945
628.086
628.325
628.364
628.057
627.156
627.129
627.488
628.496
628.654
628.084
627.852
627.826
627.795
627.339
-1
627.966
627.986
