-1
615.207
614.971
615.02
614.675
615.325
614.643
616.215
614.139
614.448
614.718
614.738
614.476
615.696
615.415
615.006
615.666
614.546
615.219
614.892
614.819
614.977
615.15
614.735
614.507
614.888
614.387
614.917
614.348
615.357
614.7
614.899
615.065
615.23
614.753
614.643
614.692
614.9
614.436
614.975
614.782
614.599
615.143
614.844
614.986
614.451
614.327
615.034
614.908
615.091
614.362
614.308
614.504
614.608
614.842
614.987
614.622
615.075
614.586
615.19
614.663
614.857
614.161
614.853
614.945
-1
615.033
614.479
614.93
614.975
613.878
614.888
614.461
614.862
615.053
615.024
614.503
614.559
614.912
614.649
614.714
614.997
614.637
614.762
614.759
614.746
614.728
614.82
614.566
614.788
614.592
614.283
615.165
614.594
614.923
614.457
614.828
614.386
614.695
615.075
614.829
614.083
614.922
615.165
614.438
614.973
614.728
614.743
614.761
615.016
614.555
614.859
614.629
614.593
615.038
614.686
614.405
614.95
614.593
615.052
614.595
614.792
614.848
614.763
614.813
614.48
614.822
614.649
614.83
614.6
-1
615.231
615.031
614.698
615.214
614.788
614.712
615.021
614.212
614.71
614.724
614.865
614.408
614.426
615.116
614.668
614.359
614.889
614.332
614.742
614.293
614.748
614.925
615.134
614.783
614.824
614.703
614.876
614.868
614.161
615.903
614.539
614.781
615.016
614.683
615.088
614.797
614.71
614.703
614.998
615.015
614.953
614.77
614.278
615.249
614.452
614.441
614.719
614.937
615.093
614.83
614.812
614.319
614.79
614.756
615.058
614.622
614.168
614.716
615.095
614.467
614.879
614.805
614.836
615.018
-1
614.789
614.571
614.471
614.933
614.905
615.153
614.96
614.997
615.112
614.295
614.766
