-1
614.693
614.766
614.498
614.429
614.46
613.857
614.67
615.082
614.755
614.705
614.63
614.561
614.781
614.159
614.435
614.262
614.901
614.267
614.691
614.253
614.431
614.233
614.912
614.548
613.943
614.325
614.525
614.558
614.641
614.959
614.731
614.224
614.79
614.634
614.304
614.383
614.512
614.66
614.668
614.474
614.526
615.385
614.188
614.135
615
614.99
614.845
614.899
614.471
614.759
615.03
614.614
614.932
614.36
614.666
614.603
613.863
614.612
614.519
613.794
615.166
614.458
614.737
614.328
-1
614.48
614.452
614.95
614.493
614.268
614.582
614.173
614.759
614.861
614.323
614.542
615.244
614.714
614.832
614.591
614.63
614.213
614.546
614.982
614.862
614.971
614.352
614.321
614.57
614.162
614.601
614.825
613.9
614.872
614.672
614.916
614.606
614.362
614.078
614.468
614.699
614.771
614.236
614.524
614.766
614.563
614.879
614.817
614.442
614.604
614.629
614.905
614.909
614.639
614.877
614.788
614.61
614.778
614.732
614.687
614.678
614.493
614.276
614.576
614.607
614.731
614.787
614.595
614.95
-1
614.782
614.491
614.552
614.697
614.622
614.852
614.431
614.403
614.929
615.077
614.401
614.491
614.715
614.333
614.415
614.282
614.657
614.671
614.456
614.561
615.23
614.283
614.825
614.103
614.511
614.611
614.482
614.289
614.609
614.049
614.217
614.848
614.576
615.392
614.759
614.373
614.759
614.646
615.027
614.453
614.726
614.571
615.173
614.65
614.178
614.585
614.735
614.258
614.724
614.383
614.616
614.814
614.663
614.154
614.715
614.953
